-0.7141084582169165 0.6546503496503497
-0.671267039200745 0.5952097902097904
-0.6695533824400982 0.5301082251082252
-0.6609850986368639 0.4451931401931404
-0.636993903987808 0.41688811188811203
-0.613002709338752 0.3829220779220781
-0.5992934552535772 0.35461704961704976
-0.5992934552535772 0.31499000999001003
-0.5992934552535772 0.2725324675324676
-0.6044344255355177 0.20460039960039977
-0.6095753958174583 0.1904478854478855
-0.613002709338752 0.15648185148185156
-0.6061480822961646 0.11119380619380625
-0.6078617390568115 0.02910922410922412
-0.613002709338752 0.009295704295704477
-0.613002709338752 -0.052975357975357906
-0.6164300228600458 -0.08411088911088904
-0.6164300228600458 -0.11807692307692297
-0.5838705444077555 -0.23695804195804182
-0.5170379307425281 -0.2029920079920079
-0.47248285496570996 -0.12090742590742576
-0.4176458386250106 -0.06429736929736918
-0.39536830073660145 0.08005827505827523
-0.4227868089069512 0.181956376956377
-0.38508636017272035 0.20743090243090245
-0.3508132249597833 0.15365134865134866
-0.3628088222843112 -0.004856809856809807
-0.388513673694014 -0.09826340326340322
-0.4279277791888917 -0.1945004995004994
-0.4759101684870036 -0.2539410589410589
-0.48276479552959106 -0.3473476523476523
-0.48276479552959106 -0.41527972027972015
-0.46562822792312253 -0.4549067599067598
-0.4193594953856574 -0.5086863136863136
-0.3970819574972483 -0.5228388278388277
-0.3473859114384895 -0.5766183816183815
-0.3113991194649056 -0.5964319014319013
-0.25142113284226564 -0.4435847485847485
-0.23085725171450344 -0.3501781551781551
-0.17602023537380407 -0.28507659007659003
-0.1725929218525104 -0.21431401931401917
-0.10918762170857677 -0.1492124542124541
-0.06291888917111166 -0.2482800532800532
-0.056064262128524334 -0.3388561438561437
-0.020077470154940213 -0.36999167499167485
0.0022000677334688135 -0.41811022311022306
0.041614173228346596 -0.4039577089577089
0.08274193548387099 -0.33319513819513813
0.12215604097874877 -0.2879070929070928
0.1598564897129795 -0.23978854478854472
0.17870671408009486 -0.18034798534798524
0.23354373042079413 -0.14072094572094562
0.23354373042079413 -0.14072094572094562
0.26438955211243753 -0.15770396270396259
0.28495343324019995 -0.18317848817848803
0.307230971128609 -0.21148351648351638
0.3397904495808992 -0.21714452214452207
0.3654953009906021 -0.20865301365301359
0.40319574972483285 -0.16619547119547107
0.4220459740919482 -0.16336496836496828
0.4306142578951826 -0.16336496836496828
0.4306142578951826 -0.2454495504495503
0.4100503767674202 -0.27658508158508144
0.389486495639658 -0.32187312687312675
0.3843455253577175 -0.3501781551781551
0.38263186859707066 -0.38131368631368623
0.38263186859707066 -0.41244921744921736
0.38263186859707066 -0.4435847485847485
0.38263186859707066 -0.46905927405927395
0.38777283887901115 -0.4973643023643023
0.39805477944289236 -0.5369913419913419
0.401482092964186 -0.5624658674658674
0.40833672000677335 -0.5624658674658674
0.5043014986029972 -0.6388894438894438
0.5162970959275253 -0.6417199467199466
0.5488565743798155 -0.6502114552114551
0.5779887393108121 -0.6785164835164834
0.6122618745237491 -0.6785164835164834
0.6516759800186267 -0.5964319014319013
0.6825218017102701 -0.5256693306693305
0.7219359072051479 -0.47188977688977685
0.7373588180509696 -0.3982967032967032
0.7699182965032598 -0.31904262404262396
0.8059050884768437 -0.37848318348318344
0.8059050884768437 -0.4775507825507824
0.8076187452374906 -0.5454828504828504
0.8350372534078403 -0.5596353646353646
0.883019642705952 -0.5596353646353646
0.9344293455253578 -0.5596353646353646
0.9498522563711793 -0.5596353646353646
0.9961209889086446 -0.5256693306693305
1.0612399458132251 -0.3558391608391608
1.0955130810261622 -0.3558391608391608
1.1486364406062148 -0.42094072594072585
1.3388523410380158 -0.4379237429237428
1.582191601049869 -0.3360256410256409
1.582191601049869 -0.31338161838161827
1.520499957666582 -0.21997502497502486
1.3080065193463724 -0.1945004995004994
1.2154690542714421 -0.17751748251748245
1.1623456946913895 -0.11807692307692297
1.1349271865210397 -0.055805860805860696
1.0749491998983998 -0.047314352314352215
1.0663809160951656 -0.044483849483849314
0.8418918804504276 0.16214285714285714
1.1623456946913895 0.46217615717615734
1.546204809076285 0.5385997335997337
1.5890462280924562 0.818819513819514
1.5890462280924562 0.818819513819514
1.5033633900601138 0.8641075591075591
1.4450990601981206 0.8556160506160506
1.391975700618068 0.8131585081585082
1.3491342816018967 0.8018364968364968
1.2994382355431378 0.8018364968364968
1.237746592159851 0.7593789543789544
1.2000461434256202 0.7140909090909091
1.1452091270849212 0.6971078921078921
1.097226737786809 0.6971078921078921
1.0492443484886973 0.7763619713619714
1.0149712132757602 0.7933449883449883
0.9995483024299383 0.7593789543789544
0.9687024807382949 0.6886163836163837
0.5248653797307596 0.3744305694305696
0.3449314198628397 0.8612770562770564
0.18898865464397607 1.0254462204462205
0.15642917619168584 0.9575141525141526
0.10501947337228001 0.8924125874125874
0.11530141393616122 0.8442940392940395
0.1290106680213361 0.8074975024975026
0.1290106680213361 0.7452264402264404
0.1290106680213361 0.7084299034299035
0.12558335450004243 0.6744638694638696
0.12215604097874877 0.5895487845487846
0.1290106680213361 0.5442607392607393
0.1290106680213361 0.5187862137862138
0.06217805435610879 0.5555827505827506
0.03133223266446539 0.49897269397269417
0.027904919143171725 0.4282101232101232
-0.004654559309118511 0.3716000666000667
-0.03721403776140875 0.35461704961704976
-0.07662814325628653 0.40556610056610065
-0.08862374058081457 0.5640742590742591
-0.10918762170857677 0.6235148185148187
-0.17944754889509773 0.5725657675657676
-0.18116120565574456 0.49614219114219127
-0.2497074760816188 0.40556610056610065
-0.2754123274913216 0.481989676989677
-0.2942625518584371 0.5329387279387281
-0.3405312843959021 0.5527522477522477
-0.35938150876301755 0.6348368298368299
-0.40050927101854206 0.702768897768898
-0.4279277791888917 0.7055994005994006
-0.45705994411988826 0.6603113553113553
-0.49818770637541276 0.61502331002331
-0.5238925577851156 0.6206843156843158
-0.5410291253915841 0.6659723609723611
-0.6078617390568115 0.6716333666333667
-0.6318529337058675 0.6716333666333667
-0.6335665904665143 0.685785880785881
-0.6352802472271611 0.685785880785881
-0.7141084582169165 0.6546503496503497
